RBS	10	20	30	40	50	60	70	80	90	100	110	120	sum
TTTTTTTTTTTTTTTTT	0.09322033898305085	0.09873949579831932	0.09936575052854123	0.10020876826722339	0.09282700421940929	0.09787234042553192	0.09853249475890985	0.10103092783505155	0.10085836909871244	0.1040339702760085	0.09853249475890985	0.1040339702760085	5691
TCTCTCTCTCTCTCTCT	0.5072765072765073	0.4989429175475687	0.49356223175965663	0.49894736842105264	0.5	0.49581589958158995	0.5094339622641509	0.49581589958158995	0.50418410041841	0.5031578947368421	0.4926315789473684	0.4968684759916493	5711
GGGGGGGGGGGGGGGGG	0.3938144329896907	0.3966597077244259	0.3949579831932773	0.40208333333333335	0.4063157894736842	0.3961864406779661	0.4004282655246253	0.39400428265524623	0.4029535864978903	0.39400428265524623	0.4050632911392405	0.4004237288135593	5688
GAGAGAGAGAGAGAGAG	0.5979166666666667	0.59958071278826	0.6016771488469602	0.5945945945945946	0.5991649269311065	0.5887445887445888	0.608421052631579	0.606694560669456	0.5991561181434599	0.6067653276955602	0.6029106029106029	0.5995762711864406	5709
CGATCGATCGATCGATC	0.9002123142250531	0.8972746331236897	0.8976545842217484	0.89937106918239	0.9012875536480687	0.8978723404255319	0.899581589958159	0.9083333333333333	0.8997912317327766	0.9	0.9	0.9029535864978903	5681
CGCGCGCGCGCGCGCGC	0.8025210084033614	0.8033826638477801	0.7991452991452992	0.803030303030303	0.8008213552361396	0.798728813559322	0.8016877637130801	0.8021052631578948	0.7991543340380549	0.8066528066528067	0.7995824634655533	0.8051391862955032	5687
CCCCCCCCCCCCCCCCC	0.2	0.20464135021097046	0.1928721174004193	0.1936842105263158	0.20618556701030927	0.20512820512820512	0.20421052631578948	0.19456066945606695	0.20084566596194503	0.2024793388429752	0.20292887029288703	0.20507399577167018	5705
ATATATATATATATATA	0.6962025316455697	0.7010526315789474	0.7	0.7100213219616205	0.6970338983050848	0.7060085836909872	0.7070063694267515	0.6978723404255319	0.6957446808510638	0.6909871244635193	0.7010752688172043	0.6965811965811965	5616
AAAAAAAAAAAAAAAAA	0.297008547008547	0.3023255813953488	0.3060796645702306	0.3029661016949153	0.30736842105263157	0.28695652173913044	0.3008474576271186	0.2974683544303797	0.3053763440860215	0.3018867924528302	0.2946236559139785	0.30021141649048627	5651
